departure location: 49-920 or 932-950
departure station: 28-106 or 130-969
departure platform: 47-633 or 646-950
departure track: 41-839 or 851-967
departure date: 30-71 or 88-966
departure time: 38-532 or 549-953
arrival location: 38-326 or 341-968
arrival station: 27-809 or 834-960
arrival platform: 29-314 or 322-949
arrival track: 26-358 or 368-966
class: 34-647 or 667-951
duration: 39-771 or 785-958
price: 43-275 or 286-960
route: 28-235 or 260-949
row: 48-373 or 392-962
seat: 35-147 or 172-953
train: 37-861 or 885-961
type: 38-473 or 483-961
wagon: 49-221 or 228-973
zone: 46-293 or 307-967

your ticket:
101,179,193,103,53,89,181,139,137,97,61,71,197,59,67,173,199,211,191,131

nearby tickets:
337,687,607,98,229,737,512,521,896,93,341,488,511,550,53,907,888,198,935,767
506,605,103,683,788,899,101,551,420,947,944,805,495,858,942,980,687,232,145,765
787,456,807,624,554,260,458,503,682,907,460,697,348,342,343,917,460,475,528,203
613,944,732,939,417,585,520,585,680,260,611,912,367,573,628,802,905,741,421,66
407,614,691,504,209,323,507,224,721,916,202,180,679,692,731,508,894,889,263,232
346,591,998,267,904,713,343,443,583,569,100,585,422,509,62,728,907,451,567,176
342,470,760,622,60,801,519,911,200,907,225,593,485,490,266,452,141,855,136,937
129,439,195,947,941,324,272,101,60,94,522,351,68,630,357,264,344,93,209,612
517,354,89,599,911,233,422,767,466,220,277,67,711,220,189,796,697,745,612,836
611,231,449,265,497,906,591,551,570,197,702,231,161,556,173,104,501,891,555,397
916,618,410,218,736,592,857,500,424,889,502,760,387,525,760,807,885,911,353,59
459,290,191,471,174,945,934,583,748,357,291,841,195,138,620,808,461,587,670,851
343,147,220,706,458,316,595,687,292,230,68,619,893,421,629,508,178,103,685,699
142,734,221,269,646,624,730,347,355,469,451,544,793,273,260,685,219,207,405,354
592,230,531,914,679,415,210,106,517,669,679,424,282,53,350,313,211,215,529,804
731,494,104,752,994,839,208,617,626,738,702,51,670,583,700,673,897,515,190,574
717,851,461,141,54,626,937,445,599,906,764,999,67,939,889,716,575,913,502,945
157,422,622,797,904,210,457,457,217,436,450,293,185,503,447,763,734,493,486,807
625,315,902,895,614,523,738,626,788,861,509,897,184,550,103,180,510,484,945,212
853,325,194,309,573,101,490,347,271,100,317,670,448,50,473,580,229,898,804,469
318,746,946,630,758,524,212,907,889,562,628,404,747,562,211,526,770,801,418,582
350,796,755,54,105,552,181,440,220,369,635,858,739,626,674,769,218,737,805,138
103,187,99,750,424,551,520,856,902,351,698,147,510,798,432,351,451,503,135,384
465,421,624,400,893,506,485,235,228,893,447,162,740,175,614,137,729,680,463,210
730,440,613,512,152,211,174,58,267,668,220,521,427,219,421,675,769,441,718,719
427,401,12,93,573,91,460,104,393,500,564,198,613,468,936,725,504,496,501,501
669,273,576,205,24,855,549,309,103,445,353,228,462,177,579,453,275,450,408,342
851,373,185,445,719,949,920,792,325,944,161,397,202,723,433,566,550,310,462,271
429,341,792,699,727,816,528,413,707,799,694,137,454,716,750,906,796,942,346,596
798,626,858,365,584,206,185,312,720,61,576,599,263,260,632,698,560,692,263,348
203,738,933,675,497,188,601,905,739,926,229,140,146,142,736,263,687,899,485,343
428,198,751,436,106,235,597,504,667,647,90,432,903,555,627,485,987,573,805,677
201,270,92,437,620,761,135,320,905,311,893,142,442,491,936,274,889,806,186,209
742,147,944,572,407,185,615,96,771,462,646,437,938,628,152,453,737,617,461,516
577,493,181,210,571,287,208,208,937,143,727,56,409,436,668,512,507,770,685,121
751,313,746,785,403,917,527,115,676,714,556,676,856,458,55,206,890,272,497,600
465,143,89,587,617,265,578,453,905,738,851,346,622,272,292,57,891,273,492,298
415,441,92,230,678,345,89,584,948,75,503,53,705,456,95,511,402,895,531,694
461,555,425,291,939,349,105,514,856,844,899,403,692,601,231,575,691,463,407,177
569,785,905,200,88,613,268,160,269,94,70,763,212,401,229,326,405,326,715,676
484,910,213,942,190,341,584,766,231,712,490,554,529,515,489,19,430,623,232,50
571,130,130,314,191,920,483,976,592,93,468,807,698,408,417,143,262,510,373,696
594,492,675,721,671,595,744,673,307,592,886,629,102,797,448,214,627,607,835,850
211,592,102,944,395,600,501,375,946,745,907,182,568,788,483,464,915,403,88,514
697,311,470,518,562,732,761,674,619,349,893,187,398,894,995,689,735,623,471,807
62,280,462,341,176,682,423,172,58,669,518,699,566,705,519,681,308,400,629,945
191,703,272,52,76,852,342,461,614,199,521,405,610,210,888,71,739,399,799,182
834,175,727,459,509,677,739,394,712,771,936,348,183,855,675,592,475,454,412,698
631,180,491,269,719,89,178,515,683,895,351,861,222,558,508,220,174,400,893,469
310,788,593,681,756,490,450,91,217,895,532,376,682,742,560,897,430,765,730,441
411,497,629,807,682,176,505,735,102,98,358,502,348,791,999,741,809,769,263,673
187,202,357,854,373,582,193,496,738,509,339,106,858,211,681,131,518,667,530,521
629,62,344,504,588,553,98,727,615,556,730,696,618,838,477,267,715,406,464,715
100,852,626,803,69,408,742,811,613,105,260,178,206,613,309,759,462,499,949,853
176,435,741,176,342,233,852,872,215,50,403,901,314,421,531,62,440,703,308,103
858,530,791,519,935,709,576,470,383,753,401,396,718,144,307,211,51,839,680,92
627,201,851,173,674,404,10,703,668,235,564,266,269,358,857,683,581,88,753,89
70,224,174,756,215,699,693,104,432,65,557,555,854,707,806,911,352,208,54,894
225,181,549,181,447,192,948,442,512,350,611,323,918,605,50,528,443,890,608,406
935,350,211,839,892,403,358,931,179,795,458,570,619,144,717,891,229,425,890,728
53,408,461,469,861,510,578,363,181,735,465,196,599,573,762,551,759,803,573,586
291,106,919,506,472,710,522,551,189,493,90,365,855,489,204,574,578,857,554,94
749,769,490,98,180,403,278,185,504,894,218,602,906,138,945,58,713,910,289,762
207,418,611,350,825,761,402,176,632,578,486,789,106,624,453,178,408,417,594,607
896,611,903,51,563,634,710,914,134,885,411,215,756,769,940,183,598,308,449,53
792,392,891,143,579,58,493,612,158,606,565,793,180,102,503,392,677,891,174,709
762,229,278,769,100,737,92,454,96,670,510,209,888,142,218,451,178,733,434,727
142,448,198,511,723,494,131,515,472,274,947,462,336,439,373,349,308,178,313,767
490,511,271,897,598,100,449,895,454,896,459,563,583,588,737,860,20,499,441,726
562,465,903,408,451,750,625,300,808,592,602,509,352,699,211,529,292,689,210,582
607,677,440,209,839,672,460,283,940,229,198,685,95,192,459,526,139,183,603,350
172,493,101,746,893,55,616,906,740,731,705,284,493,672,908,235,88,464,96,904
306,502,448,568,94,809,792,373,267,673,575,453,942,787,420,891,531,622,887,425
212,894,444,808,67,688,177,549,496,24,69,273,590,173,515,729,343,853,438,674
895,574,646,838,203,789,686,373,260,590,272,431,726,919,410,5,455,557,451,630
